WGS84
45.85068683 3.16569867 300
3
259 3
0.00000000e+00 0.00000000e+00 1.50000000e+00
9.84810001e-02 -1.73650000e-02 1.50000000e+00
1.96962000e-01 -3.47300000e-02 1.50000000e+00
2.95443000e-01 -5.20950000e-02 1.50000000e+00
3.93923000e-01 -6.94600000e-02 1.50000000e+00
4.92404000e-01 -8.68240000e-02 1.50000000e+00
5.90885000e-01 -1.04189000e-01 1.50000000e+00
6.89366000e-01 -1.21554000e-01 1.50000000e+00
7.87846000e-01 -1.38919000e-01 1.50000000e+00
8.86327000e-01 -1.56284000e-01 1.50000000e+00
9.84808000e-01 -1.73648000e-01 1.50000000e+00
1.08328900e+00 -1.91013000e-01 1.50000000e+00
1.18177000e+00 -2.08378000e-01 1.50000000e+00
1.28025000e+00 -2.25743000e-01 1.50000000e+00
1.37873100e+00 -2.43108000e-01 1.50000000e+00
1.47721200e+00 -2.60473000e-01 1.50000000e+00
1.57569300e+00 -2.77837000e-01 1.50000000e+00
1.67417300e+00 -2.95202000e-01 1.50000000e+00
1.77265400e+00 -3.12567000e-01 1.50000000e+00
1.87113500e+00 -3.29932000e-01 1.50000000e+00
1.96961600e+00 -3.47297000e-01 1.50000000e+00
2.06809700e+00 -3.64661000e-01 1.50000000e+00
2.16657700e+00 -3.82026000e-01 1.50000000e+00
2.26505800e+00 -3.99391000e-01 1.50000000e+00
2.36353900e+00 -4.16756000e-01 1.50000000e+00
2.46202000e+00 -4.34121000e-01 1.50000000e+00
2.56050000e+00 -4.51486000e-01 1.50000000e+00
2.65898100e+00 -4.68850000e-01 1.50000000e+00
2.75746200e+00 -4.86215000e-01 1.50000000e+00
2.85594300e+00 -5.03580000e-01 1.50000000e+00
2.95442400e+00 -5.20945000e-01 1.50000000e+00
3.05290400e+00 -5.38310000e-01 1.50000000e+00
3.15138500e+00 -5.55674000e-01 1.50000000e+00
3.24986600e+00 -5.73039000e-01 1.50000000e+00
3.34834700e+00 -5.90404000e-01 1.50000000e+00
3.44682700e+00 -6.07769000e-01 1.50000000e+00
3.54530800e+00 -6.25134000e-01 1.50000000e+00
3.64378900e+00 -6.42499000e-01 1.50000000e+00
3.74227000e+00 -6.59863000e-01 1.50000000e+00
3.84075100e+00 -6.77228000e-01 1.50000000e+00
3.93923100e+00 -6.94593000e-01 1.50000000e+00
4.03771200e+00 -7.11958000e-01 1.50000000e+00
4.13619300e+00 -7.29323000e-01 1.50000000e+00
4.23467400e+00 -7.46687000e-01 1.50000000e+00
4.33315400e+00 -7.64052000e-01 1.50000000e+00
4.43163500e+00 -7.81417000e-01 1.50000000e+00
4.53011600e+00 -7.98782000e-01 1.50000000e+00
4.62859700e+00 -8.16147000e-01 1.50000000e+00
4.72707700e+00 -8.33512000e-01 1.50000000e+00
4.82555800e+00 -8.50876000e-01 1.50000000e+00
4.92403900e+00 -8.68241000e-01 1.50000000e+00
5.02252000e+00 -8.85606000e-01 1.50000000e+00
5.12100100e+00 -9.02971000e-01 1.50000000e+00
5.21948100e+00 -9.20336000e-01 1.50000000e+00
5.31796200e+00 -9.37700000e-01 1.50000000e+00
5.41644300e+00 -9.55065000e-01 1.50000000e+00
5.51492400e+00 -9.72430000e-01 1.50000000e+00
5.61340400e+00 -9.89795000e-01 1.50000000e+00
5.71188500e+00 -1.00716000e+00 1.50000000e+00
5.81036600e+00 -1.02452500e+00 1.50000000e+00
5.90884700e+00 -1.04188900e+00 1.50000000e+00
6.00732800e+00 -1.05925400e+00 1.50000000e+00
6.10580800e+00 -1.07661900e+00 1.50000000e+00
6.20428900e+00 -1.09398400e+00 1.50000000e+00
6.30277000e+00 -1.11134900e+00 1.50000000e+00
6.40125100e+00 -1.12871300e+00 1.50000000e+00
6.49973100e+00 -1.14607800e+00 1.50000000e+00
6.59821200e+00 -1.16344300e+00 1.50000000e+00
6.69669300e+00 -1.18080800e+00 1.50000000e+00
6.79517400e+00 -1.19817300e+00 1.50000000e+00
6.89365500e+00 -1.21553800e+00 1.50000000e+00
6.99213500e+00 -1.23290200e+00 1.50000000e+00
7.09061600e+00 -1.25026700e+00 1.50000000e+00
7.18909700e+00 -1.26763200e+00 1.50000000e+00
7.28757800e+00 -1.28499700e+00 1.50000000e+00
7.38605800e+00 -1.30236200e+00 1.50000000e+00
7.48453900e+00 -1.31972600e+00 1.50000000e+00
7.58302000e+00 -1.33709100e+00 1.50000000e+00
7.68150100e+00 -1.35445600e+00 1.50000000e+00
7.77998200e+00 -1.37182100e+00 1.50000000e+00
7.87846200e+00 -1.38918600e+00 1.50000000e+00
7.97694300e+00 -1.40655100e+00 1.50000000e+00
8.07542400e+00 -1.42391500e+00 1.50000000e+00
8.17390500e+00 -1.44128000e+00 1.50000000e+00
8.27238500e+00 -1.45864500e+00 1.50000000e+00
8.37086600e+00 -1.47601000e+00 1.50000000e+00
8.46934700e+00 -1.49337500e+00 1.50000000e+00
8.56782800e+00 -1.51073900e+00 1.50000000e+00
8.66630800e+00 -1.52810400e+00 1.50000000e+00
8.76478900e+00 -1.54546900e+00 1.50000000e+00
8.86327000e+00 -1.56283400e+00 1.50000000e+00
8.96175100e+00 -1.58019900e+00 1.50000000e+00
9.06023200e+00 -1.59756400e+00 1.50000000e+00
9.15871200e+00 -1.61492800e+00 1.50000000e+00
9.25719300e+00 -1.63229300e+00 1.50000000e+00
9.35567400e+00 -1.64965800e+00 1.50000000e+00
9.45415500e+00 -1.66702300e+00 1.50000000e+00
9.55263500e+00 -1.68438800e+00 1.50000000e+00
9.65111600e+00 -1.70175200e+00 1.50000000e+00
9.74959700e+00 -1.71911700e+00 1.50000000e+00
9.84807800e+00 -1.73648200e+00 1.50000000e+00
9.94655900e+00 -1.75384700e+00 1.50000000e+00
1.00450390e+01 -1.77121200e+00 1.50000000e+00
1.01435200e+01 -1.78857600e+00 1.50000000e+00
1.02420010e+01 -1.80594100e+00 1.50000000e+00
1.03404820e+01 -1.82330600e+00 1.50000000e+00
1.04389620e+01 -1.84067100e+00 1.50000000e+00
1.05374430e+01 -1.85803600e+00 1.50000000e+00
1.06359240e+01 -1.87540100e+00 1.50000000e+00
1.07344050e+01 -1.89276500e+00 1.50000000e+00
1.08328860e+01 -1.91013000e+00 1.50000000e+00
1.09313660e+01 -1.92749500e+00 1.50000000e+00
1.10298470e+01 -1.94486000e+00 1.50000000e+00
1.11283280e+01 -1.96222500e+00 1.50000000e+00
1.12268090e+01 -1.97958900e+00 1.50000000e+00
1.13252890e+01 -1.99695400e+00 1.50000000e+00
1.14237700e+01 -2.01431900e+00 1.50000000e+00
1.15222510e+01 -2.03168400e+00 1.50000000e+00
1.16207320e+01 -2.04904900e+00 1.50000000e+00
1.17192130e+01 -2.06641400e+00 1.50000000e+00
1.18176930e+01 -2.08377800e+00 1.50000000e+00
1.19161740e+01 -2.10114300e+00 1.50000000e+00
1.20146550e+01 -2.11850800e+00 1.50000000e+00
1.21131360e+01 -2.13587300e+00 1.50000000e+00
1.22116160e+01 -2.15323800e+00 1.50000000e+00
1.23100970e+01 -2.17060200e+00 1.50000000e+00
1.24085780e+01 -2.18796700e+00 1.50000000e+00
1.25070590e+01 -2.20533200e+00 1.50000000e+00
1.26055400e+01 -2.22269700e+00 1.50000000e+00
1.27040200e+01 -2.24006200e+00 1.50000000e+00
1.28025010e+01 -2.25742700e+00 1.50000000e+00
1.29009820e+01 -2.27479100e+00 1.50000000e+00
1.29994630e+01 -2.29215600e+00 1.50000000e+00
1.30979430e+01 -2.30952100e+00 1.50000000e+00
1.31964240e+01 -2.32688600e+00 1.50000000e+00
1.32949050e+01 -2.34425100e+00 1.50000000e+00
1.33933860e+01 -2.36161500e+00 1.50000000e+00
1.34918660e+01 -2.37898000e+00 1.50000000e+00
1.35903470e+01 -2.39634500e+00 1.50000000e+00
1.36888280e+01 -2.41371000e+00 1.50000000e+00
1.37873090e+01 -2.43107500e+00 1.50000000e+00
1.38857900e+01 -2.44844000e+00 1.50000000e+00
1.39842700e+01 -2.46580400e+00 1.50000000e+00
1.40827510e+01 -2.48316900e+00 1.50000000e+00
1.41812320e+01 -2.50053400e+00 1.50000000e+00
1.42797130e+01 -2.51789900e+00 1.50000000e+00
1.43781930e+01 -2.53526400e+00 1.50000000e+00
1.44766740e+01 -2.55262800e+00 1.50000000e+00
1.45751550e+01 -2.56999300e+00 1.50000000e+00
1.46736360e+01 -2.58735800e+00 1.50000000e+00
1.47721170e+01 -2.60472300e+00 1.50000000e+00
1.48705970e+01 -2.62208800e+00 1.50000000e+00
1.49690780e+01 -2.63945300e+00 1.50000000e+00
1.50675590e+01 -2.65681700e+00 1.50000000e+00
1.51660400e+01 -2.67418200e+00 1.50000000e+00
1.52645200e+01 -2.69154700e+00 1.50000000e+00
1.53630010e+01 -2.70891200e+00 1.50000000e+00
1.54614820e+01 -2.72627700e+00 1.50000000e+00
1.55599630e+01 -2.74364100e+00 1.50000000e+00
1.56584440e+01 -2.76100600e+00 1.50000000e+00
1.57569240e+01 -2.77837100e+00 1.50000000e+00
1.58554050e+01 -2.79573600e+00 1.50000000e+00
1.59538860e+01 -2.81310100e+00 1.50000000e+00
1.60523670e+01 -2.83046600e+00 1.50000000e+00
1.61508470e+01 -2.84783000e+00 1.50000000e+00
1.62493280e+01 -2.86519500e+00 1.50000000e+00
1.63478090e+01 -2.88256000e+00 1.50000000e+00
1.64462900e+01 -2.89992500e+00 1.50000000e+00
1.65447710e+01 -2.91729000e+00 1.50000000e+00
1.66432510e+01 -2.93465400e+00 1.50000000e+00
1.67417320e+01 -2.95201900e+00 1.50000000e+00
1.68402130e+01 -2.96938400e+00 1.50000000e+00
1.69386940e+01 -2.98674900e+00 1.50000000e+00
1.70371740e+01 -3.00411400e+00 1.50000000e+00
1.71356550e+01 -3.02147900e+00 1.50000000e+00
1.72341360e+01 -3.03884300e+00 1.50000000e+00
1.73326170e+01 -3.05620800e+00 1.50000000e+00
1.74310970e+01 -3.07357300e+00 1.50000000e+00
1.75295780e+01 -3.09093800e+00 1.50000000e+00
1.76280590e+01 -3.10830300e+00 1.50000000e+00
1.77265400e+01 -3.12566700e+00 1.50000000e+00
1.78250210e+01 -3.14303200e+00 1.50000000e+00
1.79235010e+01 -3.16039700e+00 1.50000000e+00
1.80219820e+01 -3.17776200e+00 1.50000000e+00
1.81204630e+01 -3.19512700e+00 1.50000000e+00
1.82189440e+01 -3.21249200e+00 1.50000000e+00
1.83174240e+01 -3.22985600e+00 1.50000000e+00
1.84159050e+01 -3.24722100e+00 1.50000000e+00
1.85143860e+01 -3.26458600e+00 1.50000000e+00
1.86128670e+01 -3.28195100e+00 1.50000000e+00
1.87113480e+01 -3.29931600e+00 1.50000000e+00
1.88098280e+01 -3.31668000e+00 1.50000000e+00
1.89083090e+01 -3.33404500e+00 1.50000000e+00
1.90067900e+01 -3.35141000e+00 1.50000000e+00
1.91052710e+01 -3.36877500e+00 1.50000000e+00
1.92037510e+01 -3.38614000e+00 1.50000000e+00
1.93022320e+01 -3.40350500e+00 1.50000000e+00
1.94007130e+01 -3.42086900e+00 1.50000000e+00
1.94991940e+01 -3.43823400e+00 1.50000000e+00
1.95976750e+01 -3.45559900e+00 1.50000000e+00
1.96961550e+01 -3.47296400e+00 1.50000000e+00
1.97946360e+01 -3.49032900e+00 1.50000000e+00
1.98931170e+01 -3.50769300e+00 1.50000000e+00
1.99915980e+01 -3.52505800e+00 1.50000000e+00
2.00900780e+01 -3.54242300e+00 1.50000000e+00
2.01885590e+01 -3.55978800e+00 1.50000000e+00
2.02870400e+01 -3.57715300e+00 1.50000000e+00
2.03855210e+01 -3.59451800e+00 1.50000000e+00
2.04840020e+01 -3.61188200e+00 1.50000000e+00
2.05824820e+01 -3.62924700e+00 1.50000000e+00
2.06809630e+01 -3.64661200e+00 1.50000000e+00
2.07794440e+01 -3.66397700e+00 1.50000000e+00
2.08779250e+01 -3.68134200e+00 1.50000000e+00
2.09764050e+01 -3.69870600e+00 1.50000000e+00
2.10748860e+01 -3.71607100e+00 1.50000000e+00
2.11733670e+01 -3.73343600e+00 1.50000000e+00
2.12718480e+01 -3.75080100e+00 1.50000000e+00
2.13703290e+01 -3.76816600e+00 1.50000000e+00
2.14688090e+01 -3.78553100e+00 1.50000000e+00
2.15672900e+01 -3.80289500e+00 1.50000000e+00
2.16657710e+01 -3.82026000e+00 1.50000000e+00
2.17642520e+01 -3.83762500e+00 1.50000000e+00
2.18627320e+01 -3.85499000e+00 1.50000000e+00
2.19612130e+01 -3.87235500e+00 1.50000000e+00
2.20596940e+01 -3.88971900e+00 1.50000000e+00
2.21581750e+01 -3.90708400e+00 1.50000000e+00
2.22566550e+01 -3.92444900e+00 1.50000000e+00
2.23569990e+01 -3.94085700e+00 5.00000000e-01
2.24550580e+01 -3.95807100e+00 5.00000000e-01
2.25522030e+01 -3.97723700e+00 5.00000000e-01
2.26489570e+01 -3.99920800e+00 5.00000000e-01
2.27453180e+01 -4.02469100e+00 5.00000000e-01
2.28314830e+01 -4.05064400e+00 5.00000000e-01
2.29260450e+01 -4.08314700e+00 5.00000000e-01
2.30191600e+01 -4.11958800e+00 5.00000000e-01
2.31106660e+01 -4.15990200e+00 5.00000000e-01
2.32003990e+01 -4.20402000e+00 5.00000000e-01
2.32882030e+01 -4.25186200e+00 5.00000000e-01
2.33739240e+01 -4.30334400e+00 5.00000000e-01
2.34574090e+01 -4.35837600e+00 5.00000000e-01
2.35385130e+01 -4.41686100e+00 5.00000000e-01
2.36170930e+01 -4.47869700e+00 5.00000000e-01
2.36930100e+01 -4.54377400e+00 5.00000000e-01
2.37661310e+01 -4.61197900e+00 5.00000000e-01
2.38363260e+01 -4.68318900e+00 5.00000000e-01
2.39034740e+01 -4.75728200e+00 5.00000000e-01
2.39674540e+01 -4.83412500e+00 5.00000000e-01
2.40281550e+01 -4.91358400e+00 5.00000000e-01
2.40854700e+01 -4.99551900e+00 5.00000000e-01
2.41392980e+01 -5.07978700e+00 5.00000000e-01
2.41895440e+01 -5.16623800e+00 5.00000000e-01
2.42361200e+01 -5.25472000e+00 5.00000000e-01
2.42789440e+01 -5.34507700e+00 5.00000000e-01
2.43179410e+01 -5.43715200e+00 5.00000000e-01
2.43530410e+01 -5.53078100e+00 5.00000000e-01
2.43841830e+01 -5.62580000e+00 5.00000000e-01
2.44113130e+01 -5.72204100e+00 5.00000000e-01
2.44343820e+01 -5.81933600e+00 5.00000000e-01
2.44481340e+01 -5.88797000e+00 5.00000000e-01
17 3
2.44481340e+01 -5.88797000e+00 -5.00000000e-01
2.44328860e+01 -5.78914600e+00 -5.00000000e-01
2.44217960e+01 -5.68977200e+00 -5.00000000e-01
2.44148830e+01 -5.59001900e+00 -5.00000000e-01
2.44121600e+01 -5.49006400e+00 -5.00000000e-01
2.44136330e+01 -5.39008300e+00 -5.00000000e-01
2.44192980e+01 -5.29025200e+00 -5.00000000e-01
2.44291450e+01 -5.19074500e+00 -5.00000000e-01
2.44431550e+01 -5.09174000e+00 -5.00000000e-01
2.44613070e+01 -4.99340900e+00 -5.00000000e-01
2.44835680e+01 -4.89592600e+00 -5.00000000e-01
2.45098970e+01 -4.79946300e+00 -5.00000000e-01
2.45402490e+01 -4.70418800e+00 -5.00000000e-01
2.45745700e+01 -4.61027100e+00 -5.00000000e-01
2.46128000e+01 -4.51787600e+00 -5.00000000e-01
2.46548720e+01 -4.42716500e+00 -5.00000000e-01
2.47007110e+01 -4.33829900e+00 -5.00000000e-01
255 3
2.47007110e+01 -4.33829900e+00 5.00000000e-01
2.46906660e+01 -4.36587700e+00 5.00000000e-01
2.46357120e+01 -4.44941300e+00 5.00000000e-01
2.45773010e+01 -4.53057100e+00 5.00000000e-01
2.45155390e+01 -4.60920900e+00 5.00000000e-01
2.44505330e+01 -4.68518600e+00 5.00000000e-01
2.43823960e+01 -4.75837000e+00 5.00000000e-01
2.43112510e+01 -4.82863200e+00 5.00000000e-01
2.42372210e+01 -4.89584800e+00 5.00000000e-01
2.41604370e+01 -4.95990000e+00 5.00000000e-01
2.40810340e+01 -5.02067500e+00 5.00000000e-01
2.39991520e+01 -5.07806700e+00 5.00000000e-01
2.39149350e+01 -5.13197200e+00 5.00000000e-01
2.38285310e+01 -5.18229900e+00 5.00000000e-01
2.37400930e+01 -5.22895800e+00 5.00000000e-01
2.36497750e+01 -5.27186600e+00 5.00000000e-01
2.35577370e+01 -5.31094800e+00 5.00000000e-01
2.34641410e+01 -5.34613500e+00 5.00000000e-01
2.33691500e+01 -5.37736600e+00 5.00000000e-01
2.32729340e+01 -5.40458600e+00 5.00000000e-01
2.31756620e+01 -5.42774500e+00 5.00000000e-01
2.30775030e+01 -5.44680500e+00 5.00000000e-01
2.29786310e+01 -5.46173000e+00 5.00000000e-01
2.28792200e+01 -5.47249600e+00 5.00000000e-01
2.27794450e+01 -5.47908200e+00 5.00000000e-01
2.26794820e+01 -5.48147800e+00 5.00000000e-01
2.25795050e+01 -5.47967900e+00 5.00000000e-01
2.24896610e+01 -5.47459600e+00 5.00000000e-01
2.23903950e+01 -5.46558500e+00 5.00000000e-01
2.22919610e+01 -5.45314000e+00 5.00000000e-01
2.21941200e+01 -5.43792400e+00 5.00000000e-01
2.20960870e+01 -5.42056200e+00 5.00000000e-01
2.20063310e+01 -5.40360200e+00 1.50000000e+00
2.19078510e+01 -5.38623700e+00 1.50000000e+00
2.18093700e+01 -5.36887100e+00 1.50000000e+00
2.17108890e+01 -5.35150600e+00 1.50000000e+00
2.16124090e+01 -5.33414000e+00 1.50000000e+00
2.15139280e+01 -5.31677400e+00 1.50000000e+00
2.14154470e+01 -5.29941000e+00 1.50000000e+00
2.13169670e+01 -5.28204400e+00 1.50000000e+00
2.12184860e+01 -5.26467800e+00 1.50000000e+00
2.11200050e+01 -5.24731300e+00 1.50000000e+00
2.10215250e+01 -5.22994700e+00 1.50000000e+00
2.09230440e+01 -5.21258200e+00 1.50000000e+00
2.08245630e+01 -5.19521700e+00 1.50000000e+00
2.07260830e+01 -5.17785100e+00 1.50000000e+00
2.06276020e+01 -5.16048600e+00 1.50000000e+00
2.05291210e+01 -5.14312000e+00 1.50000000e+00
2.04306410e+01 -5.12575400e+00 1.50000000e+00
2.03321600e+01 -5.10839000e+00 1.50000000e+00
2.02336790e+01 -5.09102400e+00 1.50000000e+00
2.01351990e+01 -5.07365800e+00 1.50000000e+00
2.00367180e+01 -5.05629300e+00 1.50000000e+00
1.99382370e+01 -5.03892700e+00 1.50000000e+00
1.98397570e+01 -5.02156200e+00 1.50000000e+00
1.97412760e+01 -5.00419700e+00 1.50000000e+00
1.96427950e+01 -4.98683100e+00 1.50000000e+00
1.95443150e+01 -4.96946500e+00 1.50000000e+00
1.94458340e+01 -4.95210000e+00 1.50000000e+00
1.93473530e+01 -4.93473500e+00 1.50000000e+00
1.92488730e+01 -4.91736900e+00 1.50000000e+00
1.91503920e+01 -4.90000400e+00 1.50000000e+00
1.90519110e+01 -4.88263800e+00 1.50000000e+00
1.89534310e+01 -4.86527200e+00 1.50000000e+00
1.88549500e+01 -4.84790800e+00 1.50000000e+00
1.87564690e+01 -4.83054200e+00 1.50000000e+00
1.86579890e+01 -4.81317600e+00 1.50000000e+00
1.85595080e+01 -4.79581100e+00 1.50000000e+00
1.84610270e+01 -4.77844500e+00 1.50000000e+00
1.83625470e+01 -4.76108000e+00 1.50000000e+00
1.82640660e+01 -4.74371500e+00 1.50000000e+00
1.81655860e+01 -4.72634900e+00 1.50000000e+00
1.80671050e+01 -4.70898300e+00 1.50000000e+00
1.79686240e+01 -4.69161800e+00 1.50000000e+00
1.78701440e+01 -4.67425200e+00 1.50000000e+00
1.77716630e+01 -4.65688700e+00 1.50000000e+00
1.76731820e+01 -4.63952200e+00 1.50000000e+00
1.75747020e+01 -4.62215600e+00 1.50000000e+00
1.74762210e+01 -4.60479000e+00 1.50000000e+00
1.73777400e+01 -4.58742500e+00 1.50000000e+00
1.72792600e+01 -4.57006000e+00 1.50000000e+00
1.71807790e+01 -4.55269400e+00 1.50000000e+00
1.70822980e+01 -4.53532900e+00 1.50000000e+00
1.69838180e+01 -4.51796300e+00 1.50000000e+00
1.68853370e+01 -4.50059700e+00 1.50000000e+00
1.67868560e+01 -4.48323300e+00 1.50000000e+00
1.66883760e+01 -4.46586700e+00 1.50000000e+00
1.65898950e+01 -4.44850100e+00 1.50000000e+00
1.64914140e+01 -4.43113600e+00 1.50000000e+00
1.63929340e+01 -4.41377000e+00 1.50000000e+00
1.62944530e+01 -4.39640500e+00 1.50000000e+00
1.61959720e+01 -4.37904000e+00 1.50000000e+00
1.60974920e+01 -4.36167400e+00 1.50000000e+00
1.59990110e+01 -4.34430800e+00 1.50000000e+00
1.59005300e+01 -4.32694300e+00 1.50000000e+00
1.58020500e+01 -4.30957800e+00 1.50000000e+00
1.57035690e+01 -4.29221200e+00 1.50000000e+00
1.56050880e+01 -4.27484700e+00 1.50000000e+00
1.55066080e+01 -4.25748100e+00 1.50000000e+00
1.54081270e+01 -4.24011500e+00 1.50000000e+00
1.53096460e+01 -4.22275000e+00 1.50000000e+00
1.52111660e+01 -4.20538500e+00 1.50000000e+00
1.51126850e+01 -4.18801900e+00 1.50000000e+00
1.50142040e+01 -4.17065400e+00 1.50000000e+00
1.49157240e+01 -4.15328800e+00 1.50000000e+00
1.48172430e+01 -4.13592200e+00 1.50000000e+00
1.47187620e+01 -4.11855800e+00 1.50000000e+00
1.46202820e+01 -4.10119200e+00 1.50000000e+00
1.45218010e+01 -4.08382700e+00 1.50000000e+00
1.44233200e+01 -4.06646100e+00 1.50000000e+00
1.43248400e+01 -4.04909500e+00 1.50000000e+00
1.42263590e+01 -4.03173100e+00 1.50000000e+00
1.41278780e+01 -4.01436500e+00 1.50000000e+00
1.40293980e+01 -3.99699900e+00 1.50000000e+00
1.39309170e+01 -3.97963400e+00 1.50000000e+00
1.38324360e+01 -3.96226800e+00 1.50000000e+00
1.37339560e+01 -3.94490300e+00 1.50000000e+00
1.36354750e+01 -3.92753800e+00 1.50000000e+00
1.35369940e+01 -3.91017200e+00 1.50000000e+00
1.34385140e+01 -3.89280600e+00 1.50000000e+00
1.33400330e+01 -3.87544100e+00 1.50000000e+00
1.32415520e+01 -3.85807600e+00 1.50000000e+00
1.31430720e+01 -3.84071000e+00 1.50000000e+00
1.30445910e+01 -3.82334500e+00 1.50000000e+00
1.29461100e+01 -3.80597900e+00 1.50000000e+00
1.28476300e+01 -3.78861300e+00 1.50000000e+00
1.27491490e+01 -3.77124800e+00 1.50000000e+00
1.26506690e+01 -3.75388300e+00 1.50000000e+00
1.25521880e+01 -3.73651700e+00 1.50000000e+00
1.24537070e+01 -3.71915200e+00 1.50000000e+00
1.23552270e+01 -3.70178600e+00 1.50000000e+00
1.22567460e+01 -3.68442000e+00 1.50000000e+00
1.21582650e+01 -3.66705600e+00 1.50000000e+00
1.20597850e+01 -3.64969000e+00 1.50000000e+00
1.19613040e+01 -3.63232400e+00 1.50000000e+00
1.18628230e+01 -3.61495900e+00 1.50000000e+00
1.17643430e+01 -3.59759300e+00 1.50000000e+00
1.16658620e+01 -3.58022800e+00 1.50000000e+00
1.15673810e+01 -3.56286300e+00 1.50000000e+00
1.14689010e+01 -3.54549700e+00 1.50000000e+00
1.13704200e+01 -3.52813100e+00 1.50000000e+00
1.12719390e+01 -3.51076600e+00 1.50000000e+00
1.11734590e+01 -3.49340100e+00 1.50000000e+00
1.10749780e+01 -3.47603500e+00 1.50000000e+00
1.09764970e+01 -3.45867000e+00 1.50000000e+00
1.08780170e+01 -3.44130400e+00 1.50000000e+00
1.07795360e+01 -3.42393800e+00 1.50000000e+00
1.06810550e+01 -3.40657400e+00 1.50000000e+00
1.05825750e+01 -3.38920800e+00 1.50000000e+00
1.04840940e+01 -3.37184200e+00 1.50000000e+00
1.03856130e+01 -3.35447700e+00 1.50000000e+00
1.02871330e+01 -3.33711100e+00 1.50000000e+00
1.01886520e+01 -3.31974500e+00 1.50000000e+00
1.00901710e+01 -3.30238100e+00 1.50000000e+00
9.99169100e+00 -3.28501500e+00 1.50000000e+00
9.89321000e+00 -3.26764900e+00 1.50000000e+00
9.79472900e+00 -3.25028400e+00 1.50000000e+00
9.69624900e+00 -3.23291800e+00 1.50000000e+00
9.59776800e+00 -3.21555300e+00 1.50000000e+00
9.49928700e+00 -3.19818800e+00 1.50000000e+00
9.40080700e+00 -3.18082200e+00 1.50000000e+00
9.30232600e+00 -3.16345600e+00 1.50000000e+00
9.20384500e+00 -3.14609100e+00 1.50000000e+00
9.10536500e+00 -3.12872600e+00 1.50000000e+00
9.00688400e+00 -3.11136000e+00 1.50000000e+00
8.90840300e+00 -3.09399500e+00 1.50000000e+00
8.80992300e+00 -3.07662900e+00 1.50000000e+00
8.71144200e+00 -3.05926300e+00 1.50000000e+00
8.61296100e+00 -3.04189900e+00 1.50000000e+00
8.51448100e+00 -3.02453300e+00 1.50000000e+00
8.41600000e+00 -3.00716800e+00 1.50000000e+00
8.31751900e+00 -2.98980200e+00 1.50000000e+00
8.21903900e+00 -2.97243600e+00 1.50000000e+00
8.12055800e+00 -2.95507200e+00 1.50000000e+00
8.02207700e+00 -2.93770600e+00 1.50000000e+00
7.92359700e+00 -2.92034000e+00 1.50000000e+00
7.82511600e+00 -2.90297500e+00 1.50000000e+00
7.72663500e+00 -2.88560900e+00 1.50000000e+00
7.62815500e+00 -2.86824300e+00 1.50000000e+00
7.52967400e+00 -2.85087900e+00 1.50000000e+00
7.43119300e+00 -2.83351300e+00 1.50000000e+00
7.33271300e+00 -2.81614700e+00 1.50000000e+00
7.23423200e+00 -2.79878200e+00 1.50000000e+00
7.13575200e+00 -2.78141600e+00 1.50000000e+00
7.03727100e+00 -2.76405100e+00 1.50000000e+00
6.93879000e+00 -2.74668600e+00 1.50000000e+00
6.84031000e+00 -2.72932000e+00 1.50000000e+00
6.74182900e+00 -2.71195400e+00 1.50000000e+00
6.64334800e+00 -2.69458900e+00 1.50000000e+00
6.54486800e+00 -2.67722400e+00 1.50000000e+00
6.44638700e+00 -2.65985800e+00 1.50000000e+00
6.34790600e+00 -2.64249300e+00 1.50000000e+00
6.24942600e+00 -2.62512700e+00 1.50000000e+00
6.15094500e+00 -2.60776100e+00 1.50000000e+00
6.05246400e+00 -2.59039700e+00 1.50000000e+00
5.95398400e+00 -2.57303100e+00 1.50000000e+00
5.85550300e+00 -2.55566500e+00 1.50000000e+00
5.75702200e+00 -2.53830000e+00 1.50000000e+00
5.65854200e+00 -2.52093400e+00 1.50000000e+00
5.56006100e+00 -2.50356900e+00 1.50000000e+00
5.46158000e+00 -2.48620400e+00 1.50000000e+00
5.36310000e+00 -2.46883800e+00 1.50000000e+00
5.26461900e+00 -2.45147200e+00 1.50000000e+00
5.16613800e+00 -2.43410700e+00 1.50000000e+00
5.06765800e+00 -2.41674100e+00 1.50000000e+00
4.96917700e+00 -2.39937600e+00 1.50000000e+00
4.87069600e+00 -2.38201100e+00 1.50000000e+00
4.77221600e+00 -2.36464500e+00 1.50000000e+00
4.67373500e+00 -2.34727900e+00 1.50000000e+00
4.57525400e+00 -2.32991400e+00 1.50000000e+00
4.47677400e+00 -2.31254900e+00 1.50000000e+00
4.37829300e+00 -2.29518300e+00 1.50000000e+00
4.27981200e+00 -2.27781800e+00 1.50000000e+00
4.18133200e+00 -2.26045200e+00 1.50000000e+00
4.08285100e+00 -2.24308600e+00 1.50000000e+00
3.98437000e+00 -2.22572200e+00 1.50000000e+00
3.88589000e+00 -2.20835600e+00 1.50000000e+00
3.78740900e+00 -2.19099000e+00 1.50000000e+00
3.68892800e+00 -2.17362500e+00 1.50000000e+00
3.59044800e+00 -2.15625900e+00 1.50000000e+00
3.49196700e+00 -2.13889400e+00 1.50000000e+00
3.39348600e+00 -2.12152900e+00 1.50000000e+00
3.29500600e+00 -2.10416300e+00 1.50000000e+00
3.19652500e+00 -2.08679700e+00 1.50000000e+00
3.09662100e+00 -2.06789700e+00 5.00000000e-01
2.99858700e+00 -2.05053500e+00 5.00000000e-01
2.90074700e+00 -2.03531900e+00 5.00000000e-01
2.80231300e+00 -2.02287300e+00 5.00000000e-01
2.70304700e+00 -2.01386200e+00 5.00000000e-01
2.61320200e+00 -2.00877900e+00 5.00000000e-01
2.51322600e+00 -2.00698000e+00 5.00000000e-01
2.41326300e+00 -2.00937600e+00 5.00000000e-01
2.31348800e+00 -2.01596300e+00 5.00000000e-01
2.21407700e+00 -2.02672800e+00 5.00000000e-01
2.11520600e+00 -2.04165400e+00 5.00000000e-01
2.01704700e+00 -2.06071400e+00 5.00000000e-01
1.91977300e+00 -2.08387300e+00 5.00000000e-01
1.82355800e+00 -2.11109300e+00 5.00000000e-01
1.72856800e+00 -2.14232400e+00 5.00000000e-01
1.63497200e+00 -2.17751000e+00 5.00000000e-01
1.54293400e+00 -2.21659300e+00 5.00000000e-01
1.45261600e+00 -2.25950000e+00 5.00000000e-01
1.36417700e+00 -2.30615900e+00 5.00000000e-01
1.27777300e+00 -2.35648600e+00 5.00000000e-01
1.19355600e+00 -2.41039200e+00 5.00000000e-01
1.11167400e+00 -2.46778400e+00 5.00000000e-01
1.03227000e+00 -2.52855900e+00 5.00000000e-01
9.55487000e-01 -2.59261000e+00 5.00000000e-01
8.81457000e-01 -2.65982600e+00 5.00000000e-01
8.10311000e-01 -2.73008800e+00 5.00000000e-01
7.42176000e-01 -2.80327200e+00 5.00000000e-01
6.77169000e-01 -2.87925000e+00 5.00000000e-01
6.15406000e-01 -2.95788600e+00 5.00000000e-01
5.56997000e-01 -3.03904600e+00 5.00000000e-01
5.02042000e-01 -3.12258200e+00 5.00000000e-01
